0	7.156396396	7.745799882	4.255606763	2.80017245	7.118409504	7.882972967	3.841858786	4.553999631	4.267089604	2.373474401	1.708874158	1.676092813	1.53030908	5.174196845	4.991336937	3.270753536	5.123465672	4.585224502	4.364085318	5.832148482	3.234982516	2.407126963	3.261978485	2.595114002	4.780029939	5.362079596	3.577179133	4.072936086	6.832424652	6.478569766	5.84073103	7.184333559	2.409375086	3.817691308	4.661827824	4.149162305	4.953164982	4.391350949	3.920580007	5.280834688	5.316855058	5.826037543	6.503096673	6.071424789	5.788523378	5.023464107	4.838432156	5.418944795	3.550196902	2.988020431	2.701074594	2.98364182	2.658332042	2.402712824	3.036726856	3.552935189	3.072582423	3.364712152	4.474636669	1.298148391	2.330164025	2.437510418	1.572600216	4.56407788	4.810150935	4.671240636	7.120089708	4.297766822	6.061597242	5.118773944	4.571902183	6.993186199	6.038237717	5.021047568	4.516414778	7.764264453	7.397302297	4.068626439	3.74761973	3.831598982	5.593234348	5.02903527	4.517756783	2.256808251	2.704533467	1.812777914	2.685666807	3.840453281	3.769157786	3.665758668	1.480035961	0.964588811	4.102012599	0.814257841	2.1674807	1.210510138	1.952857565	3.551421922	4.337223633	3.896853827	2.661481595	2.301753778	2.972566182	3.733799686	1.254294652	4.199535431	0.295941727	0.49572505	3.249009637	1.992366509	0.503030419	2.01278741	1.028308548	2.188332382	2.526652206	3.940451809	5.453862745	4.773247843	4.019288283	4.346002594	5.971264902	6.232745607	6.546635997	6.94497301	3.175655043	4.029159534	4.207965061	2.259118152	3.170089939	4.033259687	4.104295713	6.197199125	1.048764623	3.339240387	2.385135923	3.637945024	1.534422919	3.370136197	2.411742066	0.092477965	3.534816349	4.366362569	2.452027582	5.165158706	5.172895168	1.002366809	3.773156426	4.203010144	7.494585112	7.604081109	5.922663223	4.989890269	3.230075872	3.338458673	1.943952675	4.383873961	5.469452871	3.954386855	1.726337498	3.253782558	3.827025765	1.295197224	3.710628115	2.540655284	1.517087522	2.537531623	3.027765724	5.698805734	3.240529706
7.156396396	0	0.705761139	6.478329592	9.754790781	1.464572932	0.796421688	3.757016233	2.867505884	3.240317175	9.527480364	6.411471701	5.484730783	5.763565757	2.900394121	3.229954891	10.41270583	2.237511308	2.573415165	2.869581809	2.25217702	5.727739686	5.929312991	6.516637886	6.632681278	2.391183231	1.851555305	9.345910404	9.836915873	0.328710951	1.358666148	2.406321085	0.700333514	5.392399762	5.226687876	2.84285325	3.015128978	2.921256788	3.221786278	3.964019713	2.253036927	2.161271525	1.332774254	1.407618031	1.096828357	1.734499608	2.171002229	2.491117895	1.782199065	8.476558132	8.612585332	4.832328976	9.847802256	9.543894201	9.026191715	10.06923099	9.342305727	8.44151283	9.129785061	10.81938896	6.180506646	4.827388041	4.718895578	7.594433077	2.733511147	2.552271539	2.90240783	3.031810413	3.476396574	2.86423444	3.082185917	3.324989098	3.438235492	3.365261581	3.566196951	3.764379639	1.739372151	2.613296463	3.715762114	7.744803382	5.009712837	4.485618056	4.035382575	4.221591198	9.272802746	6.805121594	8.080334351	9.795746549	9.08886294	9.4345944	10.81607209	8.634768656	8.02459871	4.882168668	7.596183693	9.310206191	8.366609782	5.95551648	3.610861276	2.915921232	3.283941964	4.532638555	4.998975509	4.425056643	3.470210497	8.230277946	3.211359211	6.885107487	7.523437636	3.966377736	8.900909716	6.726335119	5.380285103	6.197475894	5.242533046	4.988586531	3.227876344	2.207883982	3.198026819	4.618170067	10.05166667	1.679218708	1.350645596	1.022286467	0.88446005	9.599241494	3.997421631	8.229840259	4.899470199	7.324480808	4.440032823	7.01935623	4.329928002	6.11531769	8.640159245	7.900632768	3.645437376	8.491820538	5.979655514	4.746482317	7.13296656	9.258377777	9.946058343	8.394723949	2.611032713	3.062251185	7.995956318	4.229725908	4.221326771	0.625202434	0.51270441	1.258536647	2.277111042	9.506984718	5.236709104	5.55669295	5.270764339	1.810893884	8.187533256	7.808810718	7.956583159	7.953431782	7.102034228	10.00132707	8.786649009	5.782255918	4.657747636	4.62829646	1.979727571	7.409767434
7.745799882	0.705761139	0	7.183984612	10.28967981	1.299074707	0.759035276	4.442444942	3.552781635	3.927260699	10.10946557	6.90425628	6.069848567	6.316504401	3.605483355	3.935168814	11.01222975	2.926695412	3.166835788	3.403592178	2.947314251	6.426280429	6.608731833	7.216496026	7.320444311	2.966051137	2.517872435	10.02935994	10.52355533	1.012599447	1.529611608	2.586164656	1.249523614	6.061476785	5.931188775	3.535636434	3.634364179	3.626572546	3.915984693	4.660263778	2.647701216	2.572304179	1.968134923	2.077812898	1.754697036	2.100096549	2.724025769	2.97501263	2.444854403	9.171474381	9.293782229	5.495260862	10.48621345	10.07152146	9.532774458	10.61434191	9.76792292	8.859599583	9.558783812	11.49231873	6.814250325	5.42576182	5.312724079	8.248100979	3.236462395	3.02449695	3.318317429	2.844186594	3.871887554	2.934158318	3.352525797	3.684084677	3.286826711	3.412910605	3.804174227	4.078581487	1.293104349	2.344015964	4.411421648	8.446891743	5.339756842	4.585594291	4.239360911	4.497747983	9.820869489	7.213357777	8.580034152	10.35890208	9.475320702	9.847140103	11.39274763	9.219089305	8.591229059	5.182995776	8.147828886	9.908378	8.95589228	6.617846285	4.222643147	3.44126003	3.851117994	5.15375214	5.635915939	5.082496725	4.106474547	8.848214696	3.686635885	7.468550122	8.128792954	4.519040246	9.529924971	7.302009886	5.911089326	6.766967491	5.76455797	5.491222636	3.805349021	2.913492352	3.903229612	5.322827402	10.74086609	2.382909817	2.052030039	1.713515495	1.505552617	10.07673891	4.374017489	8.545186202	5.487075786	7.700127871	4.775429965	7.307187964	4.33473355	6.699202708	9.045661917	8.351590482	4.169853139	9.113629547	6.333132872	5.334790549	7.717689283	9.680452885	10.33881022	8.859607004	2.950306937	3.32268221	8.610084674	4.92648037	4.926187135	0.976750955	0.19936222	1.923011029	2.95012555	10.17515217	5.93461377	6.204221472	5.97583548	2.302476366	8.889717206	8.464634366	8.650919809	8.291151655	7.749873931	10.67220622	9.449823961	6.407775102	5.278013781	5.097305603	2.300025694	7.781317102
4.255606763	6.478329592	7.183984612	0	6.696335877	7.293126554	6.895259004	3.050475564	3.816323332	3.470555761	5.808460528	5.343199103	3.916114054	4.397906763	3.580364341	3.250424515	6.197923089	4.360349534	4.718500803	4.950908029	4.28203118	1.277660541	1.978970947	1.003422976	1.681936291	4.935318463	4.839030154	3.595235133	3.943857318	6.185688298	6.646488295	6.682429295	6.088339611	2.390502234	1.339273741	3.769559712	4.268010434	3.565954341	3.405238682	2.703966818	5.860065789	5.814138382	5.406870778	5.191995426	5.53576535	6.087955957	5.173430076	5.379288863	4.917155697	2.490325672	3.053258899	2.733909576	5.04015078	6.646697952	6.57666108	6.782613965	7.808369464	7.284173027	7.619987394	5.157304954	3.135614235	3.765312222	3.843829188	3.143048153	5.191014649	5.419467396	5.63995048	8.15564983	5.715701042	7.190241562	6.385369034	5.933416764	8.275168296	7.462952314	6.631476039	6.238651482	7.890223784	8.133677105	2.935975231	1.544307875	6.43169843	7.706838428	6.947392734	6.573274191	6.156659529	6.455746347	6.067523016	6.305755996	8.070829585	8.024589872	6.891895592	5.151346938	5.069064038	6.607567966	5.068730466	5.377497581	4.89706312	2.468089932	4.006863867	4.989063258	4.547866367	3.522899466	3.146773783	3.026910979	3.837273867	4.289002939	5.231030551	4.247240206	4.139076125	4.455810799	4.511504503	4.315614653	4.621534274	4.253482144	4.70775402	4.893836263	4.489936895	4.273418315	3.292488915	1.908791516	4.072685273	4.805152859	5.139781346	5.492410093	5.79402811	7.360016045	5.866774268	8.215385552	3.899992602	7.063349581	6.232373295	7.714253854	8.119518285	4.01461432	7.555277246	6.570536982	4.778118509	4.377678604	6.603751375	3.910716845	4.325069119	7.790183535	8.621852137	6.702806021	6.050828722	6.430661591	4.224348907	2.460139629	2.288892816	6.450980109	6.98861428	5.37079593	4.429727118	4.120170478	1.614087742	2.841792486	1.219271073	5.621850474	1.930152136	3.205997887	2.090198435	7.81863316	3.061028049	4.47607086	3.672494217	3.264926955	3.497572376	5.191783002	6.190569186	7.153182645
2.80017245	9.754790781	10.28967981	6.696335877	0	9.493875635	10.51396047	6.632180618	7.305152904	7.038957841	1.103823026	3.440181721	4.339253295	3.996076922	7.965369582	7.789652429	1.745267155	7.845160395	7.196011406	6.891504969	8.606164163	5.885019093	5.085608749	5.703723276	5.034287609	7.365445587	8.033048007	4.489641704	4.776975013	9.440378635	8.90454565	8.1003194	9.860440003	5.189284639	6.524496964	7.422481839	6.809864879	7.739214367	7.171463415	6.720601759	7.695686687	7.753000565	8.446732406	9.234040529	8.699546181	8.23545706	7.585198578	7.317527287	8.082464169	5.11270364	4.322971295	5.500961032	2.722903342	0.264659735	0.938345384	0.393169133	2.129193051	2.50823871	2.108352367	4.395066846	4.079018729	5.016765433	5.105444067	3.559894613	7.053440908	7.272692412	7.036484658	9.166675582	6.553147233	8.178574879	7.30139784	6.801911602	8.936190967	8.020534804	7.060736967	6.591328628	10.11197281	9.547750276	6.865419887	5.728570504	5.538372507	7.251423244	6.903400214	6.412379201	0.554235288	3.635944586	1.820398881	0.643178466	2.796621056	2.34267015	1.483868451	1.545328937	1.836250404	5.803568696	2.176133517	1.539120493	1.808854346	4.684181636	6.2215	6.850477382	6.473908789	5.393898518	5.086880602	5.759497483	6.442587178	2.415365023	6.617360236	3.003315097	2.665526161	5.788701001	2.437710503	3.110029542	4.379127915	3.59779791	4.525542464	4.809802308	6.53595172	8.207768509	7.567438329	6.788537481	4.999677604	8.703609664	8.945286821	9.240807472	9.638572756	1.175041683	6.147756471	3.966679354	4.912546153	3.601843977	5.952756394	4.674343278	7.884212472	3.730066597	2.609903023	2.420785766	6.120462158	2.379070174	4.672921877	5.062770024	2.784474379	2.199379923	2.714976178	1.913675165	7.490951707	7.35128174	2.474503378	6.571755262	6.993410269	10.1502378	10.16729629	8.562971534	7.691556476	3.781674608	6.069540945	4.741079971	7.064878935	7.98723711	5.747287162	3.531015079	5.080085816	3.75587087	3.67499149	4.005016659	3.552796289	4.315546603	5.274596547	5.245492681	8.095744618	3.598028873
7.118409504	1.464572932	1.299074707	7.293126554	9.493875635	0	2.010834956	4.317932009	3.482431593	3.842454802	9.43311843	6.058464284	5.464296777	5.617770353	3.853006724	4.160627552	10.37967225	2.942063681	2.748073818	2.796719011	3.370850592	6.35365616	6.371342907	7.145156188	7.127601455	2.517482791	2.45802857	9.769393563	10.28256244	1.512995114	0.676481325	1.453198433	2.160429521	5.776759051	5.971691195	3.523591441	3.253876233	3.785524825	3.890586018	4.616575848	1.837619149	1.806315435	1.905712126	2.697879084	1.835821645	1.353956773	2.25130758	2.298972596	2.380618703	9.015681784	9.025830769	5.195634827	9.992267362	9.261269784	8.682532435	9.8396199	8.772811915	7.859788439	8.57033061	11.15329672	6.35203391	4.879664672	4.756619347	7.843761926	2.572542569	2.316844439	2.467305542	1.580535891	2.944843765	1.679889149	2.27209824	2.709244722	2.007074773	2.136969559	2.664016889	3.019500532	0.653695591	1.151330412	4.373104578	8.391192011	4.264641744	3.321252907	3.052817441	3.378072561	9.059574947	6.215549619	7.725119233	9.63029958	8.425902604	8.831958999	10.69197959	8.557929607	7.889114804	4.075638626	7.413378444	9.280931868	8.311894526	6.284235966	3.774939666	2.809554987	3.293203384	4.693028787	5.21707933	4.771319679	3.754166839	8.295796057	2.92171485	6.828451458	7.544345491	3.881631228	9.009184835	6.643030445	5.168886379	6.101367556	5.006169175	4.698150115	3.27979624	3.141800636	4.041384692	5.384557137	10.51833297	2.761572301	2.502242898	2.284538371	2.298186301	9.166155815	3.392333168	7.416036664	4.906239398	6.650350163	3.720995692	6.158357174	3.03970958	6.075021648	8.025795115	7.409137388	3.481709195	8.571514872	5.270637505	4.761295182	7.077182621	8.680543732	9.292847654	7.93632859	2.003031161	2.231474801	8.047738531	4.877353424	5.007272705	2.05372993	1.351345235	1.980136018	2.863814999	9.820245194	5.86631819	5.812372406	6.139877149	1.763404916	8.830399021	8.067192639	8.495449781	7.188758651	7.327374948	10.32785142	9.076086997	5.924159135	4.809579066	4.248477951	1.419916598	6.725283641
7.882972967	0.796421688	0.759035276	6.895259004	10.51396047	2.010834956	0	4.353937884	3.477322467	3.838935888	10.2563822	7.191317154	6.219054567	6.518526021	3.336851409	3.662776315	11.12529934	2.848295429	3.318862431	3.64442254	2.613495517	6.253152648	6.527968631	7.02954329	7.202165423	3.150504615	2.5285963	9.92164305	10.40111622	1.082321697	2.087692666	3.155237097	0.808984983	6.019211419	5.702980548	3.426790271	3.733862579	3.410082039	3.793284837	4.516200102	3.048749084	2.957536278	2.067640679	1.70335695	1.816324386	2.525612791	2.943428031	3.281700117	2.467602387	9.010397706	9.196862956	5.475104939	10.51569677	10.30686382	9.798707081	10.82257966	10.13506611	9.235420639	9.92214091	11.42153561	6.863328629	5.553320188	5.449134407	8.242822219	3.518958093	3.34455229	3.698733701	3.581122856	4.272811082	3.57070969	3.862159232	4.119701065	4.016210641	4.064043536	4.339753651	4.554495511	2.051145061	3.09502113	4.273713903	8.235676002	5.803208309	5.213374448	4.800565094	5.005767129	10.02517912	7.600364813	8.856175502	10.5381578	9.884961309	10.22885785	11.54778915	9.362961408	8.766807939	5.671720179	8.348492253	10.02543431	9.091103299	6.593562704	4.331572932	3.693704253	4.040351073	5.237869155	5.682556319	5.080725616	4.165275967	8.927025402	4.001288693	7.61706954	8.23482517	4.727217848	9.583120616	7.464486605	6.147389916	6.941133093	6.013721982	5.767438231	3.978371034	2.705870888	3.684325993	5.096932072	10.60618309	2.135450986	1.804674264	1.444936188	1.1030719	10.38117784	4.79358647	9.023161767	5.633941161	8.120898064	5.233653067	7.808473709	5.010424203	6.848763489	9.435206262	8.689804997	4.420280977	9.183617152	6.775414841	5.481024735	7.863402076	10.0516139	10.74178675	9.180621197	3.40219929	3.839785265	8.697357955	4.77651653	4.700509609	0.445487207	0.660156868	1.9606368	2.930014981	10.12253527	5.768948773	6.222305678	5.676394728	2.603258435	8.676112331	8.452823921	8.494699902	8.748668362	7.761505739	10.6097576	9.414295818	6.476786757	5.363230648	5.416708228	2.764804231	8.206185051
3.841858786	3.757016233	4.442444942	3.050475564	6.632180618	4.317932009	4.353937884	0	0.88983514	0.517250502	6.154950274	3.844449573	2.391702125	2.873483432	1.333201874	1.183983085	6.932582481	1.519986215	1.668203694	1.928659293	2.007891426	2.036073984	2.176222752	2.82889536	2.878180988	1.886992731	1.936901062	5.588897267	6.081191504	3.434176296	3.652212087	3.63294256	3.573795943	1.676478461	1.711816393	0.927296964	1.228230256	1.113329264	0.577072329	0.383487166	2.809696891	2.764050336	2.510514301	2.772829885	2.694477663	3.055902528	2.131094623	2.332719656	2.013552951	4.74075979	4.856138111	1.176957733	6.202996862	6.471188273	6.10247753	6.878579469	6.878019339	6.098224233	6.66131652	7.070707768	2.640808545	1.776444117	1.746910231	3.9112437	2.159199384	2.376617243	2.633865243	5.10518105	2.8147026	4.14982413	3.388409682	2.991217283	5.232099376	4.449029776	3.694982674	3.37171695	4.943261464	5.094538396	0.291850187	4.074837592	3.915005704	4.839428302	4.074279071	3.785878184	6.095490758	4.737597006	5.265147237	6.515956541	6.876594862	7.040666541	7.440281568	5.278044108	4.798853906	4.012862642	4.491544285	5.858949675	4.992061238	2.259727965	1.134810622	1.975093194	1.593887922	1.349873808	1.545670477	0.873468703	0.868761567	4.704055869	2.279269112	3.629164008	4.091027838	1.782566126	5.30705093	3.536699125	2.752882068	3.111469502	2.724250931	2.708186053	1.515600153	1.693549637	0.93905597	1.203014026	6.298883982	2.257608776	2.567070465	2.918486779	3.298744056	6.813321005	3.095011406	6.527879128	1.92717253	5.379435857	3.553749033	5.659378301	5.177338413	2.933735475	6.354257234	5.408874541	1.955164279	4.939789666	4.438311432	1.817639933	3.850037302	6.821272396	7.631702426	5.768862767	3.013993562	3.429745703	4.496519358	0.591820611	0.946500822	3.92240724	4.262478269	2.524447097	1.501811576	5.76860675	1.548563596	1.962623639	2.04180695	2.593973033	4.515209976	4.114991011	4.219062513	6.152646179	3.451887426	6.256783027	5.062700627	2.328065757	1.442886066	2.75487114	3.144240079	5.477465389
4.553999631	2.867505884	3.552781635	3.816323332	7.305152904	3.482431593	3.477322467	0.88983514	0	0.375303899	6.907627031	4.279817432	2.975866278	3.393026417	0.913940568	1.015158708	7.724589162	0.632133745	1.049534622	1.475693215	1.330313552	2.899682915	3.062958188	3.694182849	3.767668921	1.215939538	1.055658549	6.478538989	6.97098959	2.544365682	2.830526215	2.966477737	2.709459637	2.541898334	2.489534011	0.158694217	0.846817632	0.665821228	0.412210796	1.138597121	2.146213931	2.07860529	1.632294839	1.955176009	1.807189247	2.287115863	1.409900054	1.734541731	1.133463604	5.625319039	5.745151167	2.003308442	7.049781986	7.126685635	6.705954393	7.57529064	7.346503777	6.517261147	7.128085588	7.95610284	3.42939099	2.304222807	2.23242977	4.768287799	1.646830125	1.798888013	2.157246723	4.403563325	2.500703928	3.524015745	2.889896986	2.60575662	4.582309589	3.885929335	3.278823192	3.058571387	4.093320215	4.332365216	0.892120048	4.937130699	3.863624327	4.462067223	3.718031901	3.5300298	6.782298504	5.035255763	5.821439157	7.239628529	7.268896273	7.489975815	8.199720845	6.019884082	5.49008925	3.901136735	5.135524995	6.637095063	5.738108137	3.117286623	1.214046303	1.541592775	1.372484656	1.911653852	2.268430248	1.625652294	0.918780147	5.503404161	1.942939114	4.315490597	4.850945458	1.877626897	6.133584954	4.195587988	3.159031567	3.71899748	3.084170317	2.971141118	1.271098987	0.90262538	0.757195378	1.908670519	7.188203154	1.425363524	1.712637286	2.054117661	2.443271295	7.380543735	2.901989566	6.763347471	2.427933649	5.65868183	3.407680868	5.772684683	4.70830564	3.575115542	6.760185808	5.861524326	1.853611573	5.749745994	4.556783347	2.287968643	4.550216163	7.280686975	8.064796992	6.271406065	2.430980017	2.921851779	5.284741654	1.403182343	1.545705148	3.051279622	3.372645813	1.637002042	0.62483596	6.649591548	2.407430186	2.76778494	2.697552655	1.820533123	5.379219211	4.97676615	5.103914366	6.408493056	4.29391046	7.140371474	5.937614362	3.073017827	2.030566511	2.863273957	2.419389373	5.755566392
4.267089604	3.240317175	3.927260699	3.470555761	7.038957841	3.842454802	3.838935888	0.517250502	0.375303899	0	6.605537483	4.10872319	2.735758396	3.182229998	0.988299534	0.962768534	7.404808522	1.002951544	1.29592413	1.652519124	1.567275007	2.527052142	2.693251109	3.321578645	3.393307897	1.492789339	1.429659277	6.105688355	6.597057832	2.91802516	3.18466521	3.256446045	3.0626137	2.183859662	2.136630851	0.416257194	0.957080276	0.73501679	0.179210172	0.774294422	2.4304706	2.372199692	2.005778236	2.278531887	2.182493049	2.618311235	1.713962851	1.984874747	1.507180178	5.250029042	5.373297529	1.660332813	6.703285797	6.868019417	6.469497457	7.298785977	7.169054057	6.359577507	6.951057276	7.587581252	3.107113374	2.079274015	2.022938799	4.415928249	1.855625605	2.040608052	2.357477074	4.711874949	2.632736005	3.798704648	3.106641041	2.770472155	4.869678232	4.13527154	3.462367526	3.195889692	4.458796484	4.664951045	0.534669443	4.565490719	3.894721739	4.634725204	3.878367496	3.646167729	6.509522428	4.92498826	5.603888451	6.950836882	7.123896698	7.320940642	7.895239062	5.721970177	5.213841916	3.958107662	4.879078887	6.323223375	5.438042275	2.763649828	1.130681725	1.710901797	1.435978055	1.666372008	1.967389865	1.305530999	0.817369416	5.179034573	2.076303923	4.03910174	4.543688235	1.819052548	5.796795235	3.930507648	2.99299444	3.473675311	2.936454118	2.862323357	1.340675152	1.202928933	0.680165795	1.570566961	6.813607686	1.756086634	2.058412417	2.406860489	2.790573988	7.16061246	2.98579194	6.684024647	2.215469084	5.558181239	3.475873426	5.742527455	4.920502417	3.315116003	6.608529354	5.688192526	1.879642009	5.420618861	4.519938718	2.085428028	4.268444795	7.107030316	7.903449689	6.077668173	2.681546163	3.142904342	4.965282715	1.035465469	1.229294029	3.409045128	3.746445745	2.012305872	0.996624898	6.284137622	2.035280715	2.43664621	2.381530066	2.151772559	5.007275597	4.622042078	4.728614711	6.319787059	3.948695496	6.773167675	5.57584881	2.768028906	1.777864557	2.817809635	2.732209932	5.655822506
2.373474401	9.527480364	10.10946557	5.808460528	1.103823026	9.43311843	10.2563822	6.154950274	6.907627031	6.605537483	0	3.537386461	4.043027444	3.817271754	7.475634543	7.265509883	1.008256159	7.488381998	6.954808828	6.715307485	8.160634132	5.126661931	4.372914396	4.839884225	4.193009399	7.146009747	7.735155753	3.388615686	3.673959198	9.204206241	8.808177291	8.102452181	9.555931393	4.586924653	5.797945809	7.008464577	6.522531731	7.267487493	6.718928889	6.185481737	7.601088927	7.644720715	8.198204787	8.861603209	8.444258658	8.122179156	7.385471265	7.177827585	7.792300382	4.054321552	3.256798947	4.984986265	1.641952714	1.226273096	1.697675658	1.020190891	3.117371946	3.290776675	3.051905742	3.353604284	3.518896567	4.703243216	4.809232729	2.676885217	6.905206288	7.144087385	6.968402082	9.290447413	6.543032073	8.25865345	7.338816046	6.808518756	9.109009668	8.16617791	7.167571276	6.674412771	10.07125083	9.61970553	6.358888918	4.726733234	5.76179367	7.531040017	7.084753692	6.576310217	0.823424971	4.045296054	2.222653041	0.522600947	3.737696089	3.345663862	1.293506092	0.893438642	1.548298133	6.036380869	2.047879979	0.456828396	1.170017965	4.033377733	5.924811452	6.684305205	6.258350442	5.030734729	4.640735482	5.300829307	6.104739536	1.557411855	6.513334984	2.64256819	2.063933151	5.596898433	1.379444711	2.808126397	4.266189673	3.346259074	4.432340623	4.752613233	6.305917181	7.802407687	7.06821317	6.134293217	3.898925949	8.330293921	8.598316019	8.916062547	9.314098728	2.219978399	6.202267733	4.764564738	4.628088842	4.175809562	6.096335366	5.267447653	8.160667532	3.412499217	3.452706354	2.986070084	5.970457339	1.431189655	5.018425886	4.781048555	2.394517071	3.171240749	3.775906242	2.588635251	7.450116597	7.39145802	1.702808183	6.005146588	6.38406768	9.867696274	9.970920102	8.295980269	7.359903106	2.67785375	5.376762944	4.199774775	6.306218619	7.822523102	4.70966731	2.602835183	4.064557188	4.494716534	2.904941138	2.912075879	2.478730683	3.837688546	4.906119845	5.232509945	8.014916963	4.195541905
1.708874158	6.411471701	6.90425628	5.343199103	3.440181721	6.058464284	7.191317154	3.844449573	4.279817432	4.10872319	3.537386461	0	1.541538637	1.015822532	5.096295444	5.015079049	4.539260669	4.715454569	3.917972172	3.547591965	5.607957086	4.126590288	3.364307472	4.436048797	3.851816482	4.055656198	4.804242995	5.281531044	5.780760016	6.109199525	5.481463095	4.660211515	6.5988447	3.042430511	4.521553976	4.423115575	3.615104455	4.843691312	4.273648072	4.075243874	4.278625801	4.342524664	5.144661176	6.082257506	5.400184113	4.823866048	4.248679901	3.932551933	4.84140229	5.165865564	4.668837527	2.998939614	4.568123587	3.203756403	2.631943272	3.795868362	3.066715074	2.254811978	2.848285733	6.149247632	2.243256329	2.069746294	2.099770632	3.221417633	3.679806932	3.880237245	3.612326902	5.768547323	3.114770791	4.755776036	3.864059449	3.361787253	5.573883251	4.635289649	3.64793081	3.1654793	6.672871399	6.124241072	4.127444702	5.204003457	2.237413084	4.016227469	3.547396932	3.039536615	3.03494356	1.121374702	1.676412636	3.636804161	3.032952486	3.212819695	4.718458908	2.752899403	2.03020731	2.513106024	1.511317355	3.511870981	2.583075293	2.87776758	3.081105825	3.49761504	3.190616994	2.495853929	2.478771915	3.043504503	3.361767033	2.898896779	3.217635366	1.475365829	2.192716666	2.509181774	3.612013318	1.284576015	1.120787474	1.102429419	1.210258265	1.423983618	3.269427777	5.149312307	4.748365118	4.493297399	6.0538353	5.569258943	5.761766387	6.017727244	6.406793915	3.190859903	2.711326259	2.882033335	1.917309838	1.720862368	2.561469448	2.475351191	4.640296333	1.335701883	2.509809632	1.581841182	2.773033029	3.164088115	1.662598862	2.031643409	1.620736662	3.001268458	3.795159859	2.012204789	4.05575829	3.914534012	2.66241135	4.034654856	4.52989316	6.858343741	6.794336556	5.280033792	4.526449032	4.932309074	4.026204144	2.537008977	5.100458466	4.612059105	5.478993986	3.40073508	4.806864029	2.48549456	2.828325522	5.404739659	4.24951401	2.082609918	2.412021754	1.81587543	4.670325055	1.811928449
1.676092813	5.484730783	6.069848567	3.916114054	4.339253295	5.464296777	6.219054567	2.391702125	2.975866278	2.735758396	4.043027444	1.541538637	0	0.525846867	3.701023892	3.575684097	4.945470304	3.505908221	2.911789896	2.692074777	4.293606916	2.658005424	1.973000106	3.090406302	2.606614729	3.104363771	3.708890268	4.662459903	5.188538969	5.162016017	4.816006259	4.23667862	5.536530242	1.544190715	2.994993149	3.100586308	2.488112927	3.45955454	2.883506327	2.577296287	3.628617454	3.658487143	4.156739652	4.894865069	4.404287077	4.124738956	3.347390642	3.173074403	3.762455991	4.247140652	3.952146819	1.458335516	4.544077649	4.154122465	3.734401765	4.624558934	4.498855359	3.754079714	4.283658343	5.848790876	1.107994153	0.677540471	0.771470203	2.558211593	2.898275632	3.148958453	3.044999993	5.586032274	2.737800571	4.516918466	3.567576584	3.014826432	5.511246404	4.563008773	3.55448561	3.056087826	6.11389024	5.814664293	2.660168065	4.051601494	2.721910291	4.332035447	3.66573654	3.179593887	3.827440956	2.592461618	2.875147769	4.320921063	4.546276743	4.669843127	5.331459434	3.15086904	2.551096275	2.954347395	2.16413763	3.841600689	2.88604889	1.532491939	1.892567448	2.667846601	2.220974894	1.069729664	0.939184452	1.54334735	2.103390489	2.832831947	2.561237773	1.400467179	2.080812009	1.583363345	3.553416986	1.246505391	0.731230694	0.743556633	0.859901829	1.147919636	2.264548756	3.87689665	3.324567913	2.952308677	5.452621411	4.364681723	4.607366204	4.908251122	5.306655285	4.427969165	2.574102403	4.397869922	0.585419589	3.226869153	2.725596504	3.799252261	4.884185035	0.630589062	4.017975374	3.047299117	1.985412931	3.110150747	2.702276383	0.738443578	1.64880282	4.446350575	5.267127963	3.381356324	3.545769932	3.622159141	2.583774936	2.512068537	3.002298232	5.838230876	5.928940045	4.25865959	3.354777334	4.527521777	2.50483643	1.076145019	3.56984661	3.795457613	4.396863777	2.780076722	3.800204622	4.004027626	2.046259363	5.036196861	3.779847964	0.734980561	0.958972511	1.608631362	4.048082756	3.321943555
1.53030908	5.763565757	6.316504401	4.397906763	3.996076922	5.617770353	6.518526021	2.873483432	3.393026417	3.182229998	3.817271754	1.015822532	0.525846867	0	4.16112737	4.054646976	4.76399026	3.886043797	3.200054568	2.913085074	4.721342421	3.154109516	2.431538634	3.536256051	3.006411075	3.372507429	4.043042466	4.836299913	5.35705525	5.446994104	4.990958785	4.315141996	5.867964612	2.050358118	3.515574547	3.526660534	2.822110667	3.914094401	3.338454303	3.081020072	3.784038076	3.827560941	4.45101492	5.273065824	4.703577952	4.305634035	3.598419243	3.36415581	4.090315288	4.530420443	4.155028389	1.983287808	4.502763853	3.793645887	3.32552193	4.305707165	4.004550473	3.240277372	3.787938996	5.917344738	1.417897947	1.104668592	1.162010068	2.713975945	3.09305057	3.328313429	3.157355128	5.59198324	2.768021661	4.531887704	3.58848288	3.041776798	5.474694556	4.519692567	3.501871336	2.996764956	6.258662028	5.867412531	3.149599752	4.424594729	2.452088736	4.154146326	3.541984399	3.036718923	3.509286823	2.076999883	2.428428248	4.043048205	4.029415884	4.168971375	5.086853502	2.940252522	2.280105736	2.706207593	1.833016209	3.669308778	2.697989289	1.964000723	2.243955876	2.87756737	2.479926871	1.527425074	1.463350283	2.045810569	2.491389353	2.769949422	2.696615749	1.234458614	1.999189346	1.799024724	3.507501677	1.03526696	0.48717996	0.504238907	0.66334599	1.003310579	2.540175275	4.285522611	3.796066229	3.477573908	5.626408588	4.747568854	4.971089785	5.255461721	5.651926587	3.987567714	2.508281102	3.877023075	0.96756664	2.706991471	2.559509422	3.32227406	4.737161824	0.588962948	3.502128514	2.539932277	2.156226496	3.051614222	2.278567768	1.105074147	1.476729145	3.948361728	4.762809475	2.898896799	3.646073117	3.642618297	2.51600869	3.027663748	3.520613768	6.154547589	6.186615177	4.567048229	3.717821633	4.621278412	3.023047251	1.560221604	4.092149331	4.018258454	4.744417306	2.924959285	4.113846033	3.482373818	2.234134897	5.122220432	3.88727572	1.145498966	1.430640472	1.505636482	4.198634163	2.801423539
5.174196845	2.900394121	3.605483355	3.580364341	7.965369582	3.853006724	3.336851409	1.333201874	0.913940568	0.988299534	7.475634543	5.096295444	3.701023892	4.16112737	0	0.329943133	8.231084491	1.00482978	1.879366681	2.34854301	0.75336017	2.942539248	3.335419736	3.704254848	3.936948195	1.991941896	1.461160408	6.642984903	7.106331671	2.615214606	3.264886222	3.638118775	2.527993238	2.93108295	2.367005089	0.755590603	1.758885307	0.257614979	0.823591995	1.312036115	2.856750849	2.770974235	1.955109483	1.642861618	2.025046716	2.85755755	2.117272761	2.522295564	1.528959487	5.692380857	5.93506489	2.490753714	7.441284714	7.803641823	7.426925411	8.210858224	8.154632238	7.347758771	7.936781282	8.175265457	3.956909504	3.056502655	3.005913862	5.144556158	2.488110752	2.596363306	2.994194038	4.996737612	3.386393703	4.219516346	3.694552442	3.468132941	5.232528992	4.626544653	4.116953257	3.936861985	4.399941927	4.837915553	1.117645556	4.899865501	4.777099084	5.302631728	4.574527847	4.418493785	7.428533281	5.90650685	6.575269088	7.844521753	8.112056848	8.307967485	8.756651646	6.603431979	6.131958382	4.810929736	5.821742026	7.168437864	6.316654359	3.514769187	2.091022273	2.41787598	2.286044719	2.636906955	2.878668203	2.206154293	1.780928213	6.003182255	2.83338325	4.962278949	5.412937851	2.771538381	6.578291238	4.867743221	3.981236821	4.431517063	3.924040637	3.841412637	2.184531629	0.716426408	0.409963207	1.763204093	7.300854553	1.224793992	1.55967573	1.914241687	2.234501364	8.128955915	3.806656605	7.654310826	3.196773595	6.53683858	4.315566469	6.681677578	5.500218712	4.260915374	7.596828468	6.674944092	2.767266882	6.229464141	5.463425052	3.069990692	5.183081664	8.093359712	8.891279803	7.059246933	3.195592124	3.720314213	5.803822704	1.53812602	1.369396602	2.891397134	3.409342072	1.873661668	1.192299882	6.910273357	2.472113696	3.276077559	2.370378481	2.417920938	5.339771923	5.336094801	5.181793732	7.294183839	4.715046304	7.379563919	6.236900487	3.658871574	2.742575053	3.765254631	3.046312824	6.634255795
4.991336937	3.229954891	3.935168814	3.250424515	7.789652429	4.160627552	3.662776315	1.183983085	1.015158708	0.962768534	7.265509883	5.015079049	3.575684097	4.054646976	0.329943133	0	7.999436943	1.264204631	2.047078689	2.4899495	1.063794672	2.634651554	3.064860901	3.388241898	3.642004341	2.186108343	1.739561951	6.339429671	6.798088856	2.943380818	3.560886417	3.881487248	2.853791671	2.694282149	2.044636902	0.870290545	1.849225155	0.400426279	0.783650003	1.080035426	3.083365104	3.003196046	2.257026515	1.964917125	2.340147871	3.124281182	2.338447946	2.715843339	1.811181978	5.377809253	5.636702237	2.292117002	7.179897137	7.635595239	7.280656819	8.024404425	8.058406328	7.269886654	7.84136635	7.878086119	3.749165722	2.953528585	2.915465514	4.886112531	2.652773742	2.785715328	3.163114283	5.266116127	3.515381133	4.456891887	3.88400054	3.619420158	5.486704139	4.847919997	4.286909663	4.073702233	4.716324013	5.126348939	0.926403054	4.576698175	4.844636078	5.471813746	4.731257967	4.543665218	7.248141315	5.869962751	6.448796632	7.646886146	8.043236328	8.218614731	8.540236705	6.401113999	5.953616164	4.8965544	5.663798379	6.946802506	6.113458778	3.272691311	2.093407272	2.556367713	2.363110375	2.527956826	2.714760775	2.048335949	1.780130286	5.775102175	2.957188651	4.791302184	5.207469542	2.78181622	6.33256017	4.708177594	3.911034775	4.293539606	3.867788459	3.813378233	2.263572121	1.03777727	0.282668223	1.444593621	6.989501046	1.554729502	1.889526381	2.243616047	2.559880117	7.995658505	3.90703776	7.63923815	3.100843503	6.506602066	4.407560242	6.705290251	5.699121398	4.111636178	7.523427899	6.585807021	2.826874905	5.99463723	5.482694846	2.983519993	5.005205394	8.000491787	8.807470661	6.951762843	3.402861864	3.913100566	5.582478337	1.278872133	1.055368195	3.217292033	3.739139611	2.185115441	1.42442652	6.622121841	2.172208011	3.069576332	2.040864248	2.674349959	5.015892258	5.072813337	4.869418242	7.27209853	4.470184422	7.086793144	5.95766406	3.474448845	2.624963218	3.780572313	3.29995242	6.60444439
3.270753536	10.41270583	11.01222975	6.197923089	1.745267155	10.37967225	11.12529934	6.932582481	7.724589162	7.404808522	1.008256159	4.539260669	4.945470304	4.76399026	8.231084491	7.999436943	0	8.322664708	7.847417992	7.634814891	8.938945873	5.692174698	5.003663025	5.286283797	4.689230804	8.046291816	8.597259542	3.246412799	3.393696014	10.08688142	9.745449667	9.069820108	10.40507856	5.305206353	6.382340019	7.815136956	7.398386493	8.036618001	7.505506591	6.924168031	8.543414793	8.582542447	9.080201199	9.678436937	9.321988825	9.056402564	8.292126995	8.107481704	8.657701662	4.130046109	3.341070775	5.755625145	1.320944942	1.965950722	2.569360339	1.440710775	3.874458969	4.187059863	3.848735597	2.756243199	4.297743626	5.587718032	5.699622168	3.195870398	7.833424172	8.077631362	7.921332652	10.28032363	7.51277147	9.242505162	8.316376827	7.781080232	10.10630092	9.160990687	8.158368974	7.662519179	11.02218587	10.59948667	7.114937955	4.937273654	6.767686671	8.538388284	8.085506486	7.575979143	1.724570613	5.045931211	3.210041877	1.139472527	4.53864686	4.086804889	0.749725303	1.827297228	2.528857726	7.04251904	3.039409633	1.103974482	2.06792709	4.728670434	6.801906113	7.60759036	7.166337993	5.887432939	5.460289974	6.101771864	6.960726687	2.228881962	7.458007979	3.555402397	2.890583758	6.519123681	1.719342208	3.736878659	5.225553161	4.278567095	5.395093148	5.721373169	7.207854015	8.607503359	7.821237291	6.780502918	3.570145579	9.149844599	9.430489533	9.758068134	10.15424176	2.9158908	7.186784622	5.662260936	5.52590935	5.149744705	7.094602734	6.241358422	9.167630506	4.319517123	4.319522253	3.952787335	6.904015047	2.00578144	6.025548407	5.677856859	3.305818966	3.944076872	4.430483238	3.518146262	8.408589441	8.369446474	2.440013309	6.723680632	7.064243896	10.72629716	10.86759221	9.169201312	8.20806862	2.491693405	6.001747265	4.970908921	6.848577185	8.740136997	4.829356235	3.060785668	4.265275458	5.418209999	3.540953707	2.547213436	2.587346749	4.657337826	5.762071603	6.207973344	8.959842208	5.163846154
5.123465672	2.237511308	2.926695412	4.360349534	7.845160395	2.942063681	2.848295429	1.519986215	0.632133745	1.002951544	7.488381998	4.715454569	3.505908221	3.886043797	1.00482978	1.264204631	8.322664708	0	0.996597837	1.493999744	0.997123454	3.507509001	3.69480225	4.300666539	4.39537144	1.045904407	0.485790994	7.108629818	7.59948549	1.916019178	2.316944621	2.633349404	2.089557204	3.172150086	3.055351267	0.611527164	1.107996237	0.867623843	0.992965643	1.739217679	1.858576171	1.76993577	1.046559413	1.389409759	1.193530255	1.860372741	1.128576679	1.562270064	0.562082354	6.245706892	6.376115874	2.627407396	7.671608619	7.658107502	7.211402371	8.126879218	7.773534254	6.920600103	7.555290354	8.588210351	4.035338853	2.82840487	2.742342435	5.394770373	1.57828637	1.641155565	2.063769652	4.002134163	2.520674297	3.215383134	2.726832123	2.55933674	4.229305054	3.628040532	3.171550842	3.046440946	3.530071405	3.868888171	1.489776702	5.538994385	4.01354637	4.35167778	3.644869447	3.54291624	7.330896374	5.382178484	6.306331371	7.805584689	7.651489273	7.905077951	8.781742698	6.59747911	6.045444469	4.007886491	5.669717744	7.230212166	6.318409961	3.745290812	1.644997784	1.566085628	1.599339122	2.463170694	2.862533739	2.238664294	1.402707057	6.107686144	1.99511389	4.874806713	5.440102197	2.227366035	6.74815891	4.743346757	3.602094088	4.248010058	3.505921228	3.345483553	1.503101121	0.499865724	1.10546003	2.456595832	7.815011857	0.861552575	1.109951075	1.43718029	1.831870176	7.86344438	2.990175532	7.053317637	2.936880581	5.986698565	3.506861292	5.994762858	4.516405014	4.120973235	7.154147396	6.289159093	2.088575697	6.358039007	4.80169054	2.789388599	5.114334205	7.702796814	8.467486007	6.724040914	2.211551502	2.748535016	5.884784156	2.005940022	2.071460761	2.425833575	2.744464868	1.024133641	0.23040184	7.281501797	3.014903357	3.382337436	3.197828327	1.414439207	5.981765626	5.604530924	5.724844778	6.714393667	4.916080126	7.772489254	6.568519552	3.665508439	2.586389953	3.153989391	2.042359688	6.081795957
4.585224502	2.573415165	3.166835788	4.718500803	7.196011406	2.748073818	3.318862431	1.668203694	1.049534622	1.29592413	6.954808828	3.917972172	2.911789896	3.200054568	1.879366681	2.047078689	7.847417992	0.996597837	0	0.497534903	1.992518012	3.66451194	3.624964052	4.444662845	4.385435797	0.231443694	0.902095946	7.022607256	7.534861014	2.252165933	2.071592528	1.969018011	2.68347995	3.028692217	3.379474533	1.179882219	0.505802672	1.664719855	1.420087095	2.022683734	1.143368637	1.095897704	1.251228096	2.210906912	1.503536692	1.42180587	0.496823875	0.690450569	0.929551748	6.275161667	6.279199832	2.447570091	7.334851909	6.991038012	6.495573684	7.50374784	6.937010331	6.061808533	6.720101817	8.422498306	3.664526277	2.259769404	2.148426951	5.13014866	0.608920721	0.750838487	1.117345538	3.437505385	1.528799853	2.503346359	1.840856197	1.590014204	3.577579834	2.844009375	2.241558772	2.066116154	3.395596514	3.436546751	1.809276387	5.685942533	3.021561051	3.427308065	2.695191457	2.556859593	6.706409653	4.479965264	5.562387454	7.223504083	6.768046625	7.054112552	8.242808733	6.062453926	5.452105743	3.011432648	5.029666225	6.743886898	5.795721595	3.542303864	1.061433049	0.569607522	0.729211047	1.996068582	2.498809048	2.023247506	1.006093749	5.682790902	0.998595853	4.312256878	4.962154337	1.417565295	6.370232351	4.152957235	2.84174087	3.625160229	2.718148613	2.503514845	0.660279764	1.49630037	1.803039789	2.845896392	7.77026217	1.738798194	1.871944429	2.103255909	2.489438961	7.10412025	1.993691232	6.102874804	2.326803256	5.065363201	2.510400583	5.016499961	3.659032902	3.542354485	6.284232041	5.462849253	1.170277078	5.949669045	3.836959572	2.173909191	4.560430639	6.860813226	7.600803945	5.927145457	1.388389307	1.872387267	5.443728019	2.258563342	2.522426679	2.957374858	3.02017821	1.369954565	0.766243978	7.092303065	3.190757358	3.085618879	3.670534888	0.984669572	6.120425537	5.351201334	5.756334981	5.774563346	4.620756013	7.597477726	6.353163812	3.249776624	2.118853592	2.237314343	1.48140067	5.158623327
